level=15
IDX=279401
IDY=116050
ObjectCount=1
3.0.0.2|8|24|115900000000000003110205|126.95915478732438|37.4970458171286|108.765396|-3042552.0820097975|-4043594.68808982|3882567.9482270093|-3042539.8788847975|-4043583.75058982|3882573.817054829|0|11|d_07970.xdo|0|
