level=15
IDX=279398
IDY=116050
ObjectCount=1
3.0.0.2|8|24|115900000000000003180205|126.9562684864217|37.49640366145963|85.350296|-3042409.129823005|-4043792.1490943083|3882492.820661978|-3042315.551698005|-4043746.1490943083|3882519.9455246488|0|11|d_07979.xdo|0|
