level=15
IDX=279400
IDY=116049
ObjectCount=2
3.0.0.2|8|24|115900000000000003060205|126.95846474163275|37.49554005076473|90.46561|-3042587.4453572365|-4043728.6376926387|3882419.9401449515|-3042521.8047322365|-4043675.5126926387|3882445.6263861014|0|11|d_07925.xdo|0|
3.0.0.2|8|24|115900000000000003130205|126.95842134561964|37.496210159228454|90.27546|-3042564.7263252437|-4043702.3058181694|3882476.3367680977|-3042490.1325752437|-4043642.3058181694|3882515.685225434|0|11|d_07973.xdo|0|
