level=15
IDX=279399
IDY=116049
ObjectCount=1
3.0.0.2|8|24|115900000000000003010205|126.95742247749243|37.495621615024206|85.26292|-3042525.0100683416|-4043780.5685953056|3882423.7730387733|-3042426.0100683416|-4043719.5060953056|3882450.5028361366|0|11|d_07916.xdo|0|
