level=15
IDX=279397
IDY=116050
ObjectCount=2
3.0.0.2|8|24|115900000000000025660208|126.9551343290188|37.49722005491868|71.59343|-3042249.034971452|-4043784.7895862926|3882559.942907587|-3042227.644346452|-4043757.1020862926|3882569.7306044255|0|11|d_07936.xdo|0|
3.0.0.2|8|24|115900000000000003190205|126.9551781129267|37.49654234568909|79.59798|-3042311.1658735503|-4043829.794404083|3882502.629617504|-3042240.2283735503|-4043798.544404083|3882524.3277223622|0|11|d_07981.xdo|0|
